0,1,2660.4896634861866
1,0,2660.4896634861866
0,2,2031.1481841567954
2,0,2031.1481841567954
0,3,3019.9098521873557
3,0,3019.9098521873557
0,4,1636.312013875548
4,0,1636.312013875548
0,5,1679.3627239813547
5,0,1679.3627239813547
0,6,1813.7321223700455
6,0,1813.7321223700455
0,7,2645.816664005203
7,0,2645.816664005203
0,8,1824.2556992217374
8,0,1824.2556992217374
0,9,3229.736454423449
9,0,3229.736454423449
0,10,1646.6245758346172
10,0,1646.6245758346172
0,11,1607.2140323415322
11,0,1607.2140323415322
0,12,3556.2073454621577
12,0,3556.2073454621577
0,13,1675.7072519303424
13,0,1675.7072519303424
0,14,1056.125152889476
14,0,1056.125152889476
0,15,706.951211360342
15,0,706.951211360342
0,16,2955.0201486713077
16,0,2955.0201486713077
0,17,3379.749324295961
17,0,3379.749324295961
0,18,3823.715418510191
18,0,3823.715418510191
0,19,1776.6889908648632
19,0,1776.6889908648632
0,20,4103.238840921744
20,0,4103.238840921744
0,21,1925.4293436520165
21,0,1925.4293436520165
0,22,1722.6585172175905
22,0,1722.6585172175905
0,23,2764.938888188287
23,0,2764.938888188287
0,24,2412.1978270932227
24,0,2412.1978270932227
0,25,2699.512434126651
25,0,2699.512434126651
0,26,4052.6887164678205
26,0,4052.6887164678205
0,27,2068.791765967171
27,0,2068.791765967171
0,28,2915.3099264252905
28,0,2915.3099264252905
0,29,1583.5935341761317
29,0,1583.5935341761317
0,30,2115.1178290844755
30,0,2115.1178290844755
0,31,2287.1834546833184
31,0,2287.1834546833184
0,32,1905.914262240817
32,0,1905.914262240817
0,33,3308.8248056631637
33,0,3308.8248056631637
0,34,2778.369655106201
34,0,2778.369655106201
0,35,1658.069742209577
35,0,1658.069742209577
0,36,1564.6150780203707
36,0,1564.6150780203707
0,37,3001.069335905684
37,0,3001.069335905684
0,38,2567.098015659663
38,0,2567.098015659663
0,39,2834.262558269484
39,0,2834.262558269484
0,40,2173.082610765097
40,0,2173.082610765097
0,41,1807.3941287037483
41,0,1807.3941287037483
0,42,1769.8964953496932
42,0,1769.8964953496932
0,43,2080.429343832268
43,0,2080.429343832268
0,44,2121.3663317133955
44,0,2121.3663317133955
0,45,1498.0595292387648
45,0,1498.0595292387648
0,46,4399.819968561209
46,0,4399.819968561209
0,47,1982.422850059771
47,0,1982.422850059771
0,48,3357.9853275018518
48,0,3357.9853275018518
0,49,1382.6646078540073
49,0,1382.6646078540073
0,50,1961.5465626219818
50,0,1961.5465626219818
0,51,2743.2514187383854
51,0,2743.2514187383854
0,52,1406.2839410511992
52,0,1406.2839410511992
0,53,2595.872597753505
53,0,2595.872597753505
0,54,1620.2062485759557
54,0,1620.2062485759557
0,55,1537.7292176746444
55,0,1537.7292176746444
0,56,2096.715953052979
56,0,2096.715953052979
0,57,2924.572152325902
57,0,2924.572152325902
0,58,1672.9965309969666
58,0,1672.9965309969666
0,59,2930.77980431092
59,0,2930.77980431092
1,2,1701.7552398047683
2,1,1701.7552398047683
1,3,687.1039982126479
3,1,687.1039982126479
1,4,1498.2781200927498
4,1,1498.2781200927498
1,5,2021.9849078391678
5,1,2021.9849078391678
1,6,1805.467545425165
6,1,1805.467545425165
1,7,478.93010759442603
7,1,478.93010759442603
1,8,2143.4141606079925
8,1,2143.4141606079925
1,9,408.09753213675657
9,1,408.09753213675657
1,10,2036.1171745446004
10,1,2036.1171745446004
1,11,1315.8037523033665
11,1,1315.8037523033665
1,12,1432.1701254849138
12,1,1432.1701254849138
1,13,1659.613296875085
13,1,1659.613296875085
1,14,1411.6816193764405
14,1,1411.6816193764405
1,15,1505.150127812201
15,1,1505.150127812201
1,16,1329.249945176157
16,1,1329.249945176157
1,17,385.4245193727886
17,1,385.4245193727886
1,18,3111.422550236007
18,1,3111.422550236007
1,19,1457.5887682973853
19,1,1457.5887682973853
1,20,4332.297400342449
20,1,4332.297400342449
1,21,2719.6697376268085
21,1,2719.6697376268085
1,22,2788.820004707825
22,1,2788.820004707825
1,23,3862.609103152235
23,1,3862.609103152235
1,24,2113.19735778197
24,1,2113.19735778197
1,25,3680.103062241612
25,1,3680.103062241612
1,26,2557.6760572837634
26,1,2557.6760572837634
1,27,2718.224372780879
27,1,2718.224372780879
1,28,3182.4815829385216
28,1,3182.4815829385216
1,29,1634.7643233374351
29,1,1634.7643233374351
1,30,2073.1612131797665
30,1,2073.1612131797665
1,31,2941.7586563139744
31,1,2941.7586563139744
1,32,2954.283649883898
32,1,2954.283649883898
1,33,4026.1333984117823
33,1,4026.1333984117823
1,34,2716.018168903965
34,1,2716.018168903965
1,35,2150.175101544789
35,1,2150.175101544789
1,36,1873.953385636632
36,1,1873.953385636632
1,37,2053.918481025266
37,1,2053.918481025266
1,38,1474.2579547960909
38,1,1474.2579547960909
1,39,2234.8653188093463
39,1,2234.8653188093463
1,40,2988.8598068736583
40,1,2988.8598068736583
1,41,2257.4598802853225
41,1,2257.4598802853225
1,42,2941.9286035122
42,1,2941.9286035122
1,43,2622.5564124356865
43,1,2622.5564124356865
1,44,2873.0984962265766
44,1,2873.0984962265766
1,45,2514.2203893079927
45,1,2514.2203893079927
1,46,5095.836983526687
46,1,5095.836983526687
1,47,2233.045868807148
47,1,2233.045868807148
1,48,4988.027340005025
48,1,4988.027340005025
1,49,1805.2997026554708
49,1,1805.2997026554708
1,50,2194.3492212148367
50,1,2194.3492212148367
1,51,2604.9819522009507
51,1,2604.9819522009507
1,52,1758.9861676510038
52,1,1758.9861676510038
1,53,3295.4755006994264
53,1,3295.4755006994264
1,54,1780.6656736989382
54,1,1780.6656736989382
1,55,1888.2520859157114
55,1,1888.2520859157114
1,56,2964.5786761570535
56,1,2964.5786761570535
1,57,3882.8112069319554
57,1,3882.8112069319554
1,58,2700.748950260207
58,1,2700.748950260207
1,59,2962.3611518795465
59,1,2962.3611518795465
2,3,2383.0714208465547
3,2,2383.0714208465547
2,4,1693.9156858500507
4,2,1693.9156858500507
2,5,1249.0271350257121
5,2,1249.0271350257121
2,6,1884.6222707551315
6,2,1884.6222707551315
2,7,2403.8960158734035
7,2,2403.8960158734035
2,8,1849.1153132560066
8,2,1849.1153132560066
2,9,2522.116485862582
9,2,2522.116485862582
2,10,1786.1252168710514
10,2,1786.1252168710514
2,11,1588.5326189426046
11,2,1588.5326189426046
2,12,2509.30056270158
12,2,2509.30056270158
2,13,1775.2529279981543
13,2,1775.2529279981543
2,14,1435.2771015780143
14,2,1435.2771015780143
2,15,1012.5874183419579
15,2,1012.5874183419579
2,16,2424.270762544279
16,2,2424.270762544279
2,17,3442.739809729578
17,2,3442.739809729578
2,18,3107.5257210966897
18,2,3107.5257210966897
2,19,1963.9540163462007
19,2,1963.9540163462007
2,20,3217.1418526306793
20,2,3217.1418526306793
2,21,1633.0614971935925
21,2,1633.0614971935925
2,22,1615.256281686651
22,2,1615.256281686651
2,23,2589.4399275645865
23,2,2589.4399275645865
2,24,1568.993366506497
24,2,1568.993366506497
2,25,2519.2996389487234
25,2,2519.2996389487234
2,26,2588.681641714019
26,2,2588.681641714019
2,27,1280.8454783416087
27,2,1280.8454783416087
2,28,2811.4678860643585
28,2,2811.4678860643585
2,29,1366.936825576299
29,2,1366.936825576299
2,30,1454.8735970395624
30,2,1454.8735970395624
2,31,3035.601666837833
31,2,3035.601666837833
2,32,2553.045813143302
32,2,2553.045813143302
2,33,2302.3504611649632
33,2,2302.3504611649632
2,34,1531.6164083125461
34,2,1531.6164083125461
2,35,1371.0026515413829
35,2,1371.0026515413829
2,36,1129.9799160658335
36,2,1129.9799160658335
2,37,1793.2507039516381
37,2,1793.2507039516381
2,38,1370.1763703614008
38,2,1370.1763703614008
2,39,1785.3119543778473
39,2,1785.3119543778473
2,40,2126.8702021347276
40,2,2126.8702021347276
2,41,1589.9272378858057
41,2,1589.9272378858057
2,42,1700.9627175602
42,2,1700.9627175602
2,43,2365.912495255107
43,2,2365.912495255107
2,44,2495.014838417392
44,2,2495.014838417392
2,45,1660.7667577768
45,2,1660.7667577768
2,46,3880.7353111410935
46,2,3880.7353111410935
2,47,1510.8623939421095
47,2,1510.8623939421095
2,48,4258.549002641697
48,2,4258.549002641697
2,49,1421.2456542349462
49,2,1421.2456542349462
2,50,1384.3254499305722
50,2,1384.3254499305722
2,51,2212.7995299451836
51,2,2212.7995299451836
2,52,1521.020660330403
52,2,1521.020660330403
2,53,2397.577451895243
53,2,2397.577451895243
2,54,1397.9046476317078
54,2,1397.9046476317078
2,55,1208.705189219988
55,2,1208.705189219988
2,56,1929.0427146287748
56,2,1929.0427146287748
2,57,1853.136005932102
57,2,1853.136005932102
2,58,2709.1445147345394
58,2,2709.1445147345394
2,59,2310.4819971104466
59,2,2310.4819971104466
3,4,1834.4278419504112
4,3,1834.4278419504112
3,5,1939.9027457620784
5,3,1939.9027457620784
3,6,1823.9960054375274
6,3,1823.9960054375274
3,7,473.25787254317873
7,3,473.25787254317873
3,8,2776.9619536380824
8,3,2776.9619536380824
3,9,654.7356679254028
9,3,654.7356679254028
3,10,2429.2721653924395
10,3,2429.2721653924395
3,11,1549.5647544497028
11,3,1549.5647544497028
3,12,1077.7872178719049
12,3,1077.7872178719049
3,13,1981.1426637879554
13,3,1981.1426637879554
3,14,1825.3418378829294
14,3,1825.3418378829294
3,15,1676.65657273762
15,3,1676.65657273762
3,16,1154.703820133143
16,3,1154.703820133143
3,17,534.0812089266237
17,3,534.0812089266237
3,18,3805.0857491400893
18,3,3805.0857491400893
3,19,1226.518545486416
19,3,1226.518545486416
3,20,4896.138857889485
20,3,4896.138857889485
3,21,3424.986235587704
21,3,3424.986235587704
3,22,3239.616046849551
22,3,3239.616046849551
3,23,3663.4157610856687
23,3,3663.4157610856687
3,24,2861.144965738805
24,3,2861.144965738805
3,25,4442.420398806311
25,3,4442.420398806311
3,26,3299.486854890336
26,3,3299.486854890336
3,27,3553.6776507642
27,3,3553.6776507642
3,28,3870.3779710002286
28,3,3870.3779710002286
3,29,2785.97473023513
29,3,2785.97473023513
3,30,2164.1940894694117
30,3,2164.1940894694117
3,31,3696.406441916761
31,3,3696.406441916761
3,32,3799.649387904466
32,3,3799.649387904466
3,33,4315.2749213176085
33,3,4315.2749213176085
3,34,3099.0704798280995
34,3,3099.0704798280995
3,35,3903.797494411638
35,3,3903.797494411638
3,36,2635.8782701002924
36,3,2635.8782701002924
3,37,2548.138744199356
37,3,2548.138744199356
3,38,2831.025294100157
38,3,2831.025294100157
3,39,3295.8403056712173
39,3,3295.8403056712173
3,40,4350.82875453165
40,3,4350.82875453165
3,41,3249.930124996844
41,3,3249.930124996844
3,42,3847.5064819971144
42,3,3847.5064819971144
3,43,3171.7637850476253
43,3,3171.7637850476253
3,44,3113.614279840839
44,3,3113.614279840839
3,45,3497.382012524802
45,3,3497.382012524802
3,46,5985.845444037759
46,3,5985.845444037759
3,47,2903.5909198510026
47,3,2903.5909198510026
3,48,6608.079002152677
48,3,6608.079002152677
3,49,2478.42137408483
49,3,2478.42137408483
3,50,2964.1574315101875
50,3,2964.1574315101875
3,51,3468.3759447388024
51,3,3468.3759447388024
3,52,2562.670276886941
52,3,2562.670276886941
3,53,3758.1158444079933
53,3,3758.1158444079933
3,54,2352.1328038544098
54,3,2352.1328038544098
3,55,2942.1332679428488
55,3,2942.1332679428488
3,56,3624.3205765588054
56,3,3624.3205765588054
3,57,3856.9991570190855
57,3,3856.9991570190855
3,58,2967.828448298371
58,3,2967.828448298371
3,59,3809.190228291718
59,3,3809.190228291718
4,5,1169.4894962430046
5,4,1169.4894962430046
4,6,591.1550937437812
6,4,591.1550937437812
4,7,1352.099981235377
7,4,1352.099981235377
4,8,217.71606896938792
8,4,217.71606896938792
4,9,1724.814330228172
9,4,1724.814330228172
4,10,1247.6601133853376
10,4,1247.6601133853376
4,11,889.349663430767
11,4,889.349663430767
4,12,1827.4796379265579
12,4,1827.4796379265579
4,13,887.4841809352099
13,4,887.4841809352099
4,14,1031.9375866908197
14,4,1031.9375866908197
4,15,748.0394613369374
15,4,748.0394613369374
4,16,2175.73824016505
16,4,2175.73824016505
4,17,2321.9395368782343
17,4,2321.9395368782343
4,18,2089.2272615715747
18,4,2089.2272615715747
4,19,1018.6175346197697
19,4,1018.6175346197697
4,20,3885.689498713053
20,4,3885.689498713053
4,21,1713.4183326835046
21,4,1713.4183326835046
4,22,1836.5669621711772
22,4,1836.5669621711772
4,23,3192.63470342581
23,4,3192.63470342581
4,24,1200.471487122958
24,4,1200.471487122958
4,25,2832.7136620973934
25,4,2832.7136620973934
4,26,2664.2191625489445
26,4,2664.2191625489445
4,27,1237.4996235152921
27,4,1237.4996235152921
4,28,3186.024688169314
28,4,3186.024688169314
4,29,1398.298462744907
29,4,1398.298462744907
4,30,1715.7230404102188
30,4,1715.7230404102188
4,31,2416.4799777468265
31,4,2416.4799777468265
4,32,2251.6286251650213
32,4,2251.6286251650213
4,33,2935.508618334001
33,4,2935.508618334001
4,34,1671.7401594552077
34,4,1671.7401594552077
4,35,974.0687067317591
35,4,974.0687067317591
4,36,1704.5265455656663
36,4,1704.5265455656663
4,37,2072.409368297927
37,4,2072.409368297927
4,38,1593.8735486661224
38,4,1593.8735486661224
4,39,2090.988048435699
39,4,2090.988048435699
4,40,2487.6765598392767
40,4,2487.6765598392767
4,41,1576.9278042363221
41,4,1576.9278042363221
4,42,1792.8900033293362
42,4,1792.8900033293362
4,43,1951.9362837191816
43,4,1951.9362837191816
4,44,1564.5213836003295
44,4,1564.5213836003295
4,45,1962.2721588917273
45,4,1962.2721588917273
4,46,3849.236367301312
46,4,3849.236367301312
4,47,1286.2314640331301
47,4,1286.2314640331301
4,48,3148.091964567739
48,4,3148.091964567739
4,49,1309.8279754956654
49,4,1309.8279754956654
4,50,1011.1844623745153
50,4,1011.1844623745153
4,51,1931.5851409477025
51,4,1931.5851409477025
4,52,956.3009751101079
52,4,956.3009751101079
4,53,3093.249011880049
53,4,3093.249011880049
4,54,1292.2416879355792
54,4,1292.2416879355792
4,55,1391.1670913014686
55,4,1391.1670913014686
4,56,1917.527399667451
56,4,1917.527399667451
4,57,3246.039879574131
57,4,3246.039879574131
4,58,2026.445963895931
58,4,2026.445963895931
4,59,2056.694091556624
59,4,2056.694091556624
5,6,1359.5289598162578
6,5,1359.5289598162578
5,7,1446.538480463131
7,5,1446.538480463131
5,8,1268.7047013798087
8,5,1268.7047013798087
5,9,2206.647359224787
9,5,2206.647359224787
5,10,1328.1488860178454
10,5,1328.1488860178454
5,11,1051.0568849720298
11,5,1051.0568849720298
5,12,1919.0988924595174
12,5,1919.0988924595174
5,13,1348.3355194891585
13,5,1348.3355194891585
5,14,1133.3942805382337
14,5,1133.3942805382337
5,15,1141.2575284099937
15,5,1141.2575284099937
5,16,1993.9987411786617
16,5,1993.9987411786617
5,17,2828.354972153994
17,5,2828.354972153994
5,18,2042.578015564764
18,5,2042.578015564764
5,19,1267.229865970045
19,5,1267.229865970045
5,20,3511.105572590232
20,5,3511.105572590232
5,21,1977.7168543167986
21,5,1977.7168543167986
5,22,1464.7234815171728
22,5,1464.7234815171728
5,23,2621.450775796812
23,5,2621.450775796812
5,24,1702.049819391869
24,5,1702.049819391869
5,25,3351.1828261099595
25,5,3351.1828261099595
5,26,2915.0582988757174
26,5,2915.0582988757174
5,27,1249.434896075997
27,5,1249.434896075997
5,28,2942.8578989601533
28,5,2942.8578989601533
5,29,1472.9054369577696
29,5,1472.9054369577696
5,30,1604.8858968161535
30,5,1604.8858968161535
5,31,2302.0820799162234
31,5,2302.0820799162234
5,32,2026.681642979879
32,5,2026.681642979879
5,33,3648.36150311144
33,5,3648.36150311144
5,34,1695.124261789515
34,5,1695.124261789515
5,35,1485.5870213026187
35,5,1485.5870213026187
5,36,1795.0997499801501
36,5,1795.0997499801501
5,37,1742.1592401172152
37,5,1742.1592401172152
5,38,1774.3668406468528
38,5,1774.3668406468528
5,39,2390.295169095629
39,5,2390.295169095629
5,40,3166.57510979659
40,5,3166.57510979659
5,41,2014.8807849757845
41,5,2014.8807849757845
5,42,2209.240491598002
42,5,2209.240491598002
5,43,1989.1104346235618
43,5,1989.1104346235618
5,44,2376.8398910581864
44,5,2376.8398910581864
5,45,2600.197351285239
45,5,2600.197351285239
5,46,4297.252720432314
46,5,4297.252720432314
5,47,1910.6985936462584
47,5,1910.6985936462584
5,48,4334.9290861663985
48,5,4334.9290861663985
5,49,1774.1028788915846
49,5,1774.1028788915846
5,50,1519.4145944750444
50,5,1519.4145944750444
5,51,2456.942526930559
51,5,2456.942526930559
5,52,1435.029587626757
52,5,1435.029587626757
5,53,3438.3731892252094
53,5,3438.3731892252094
5,54,1468.0272779143347
54,5,1468.0272779143347
5,55,1414.6640451277556
55,5,1414.6640451277556
5,56,2274.64437246991
56,5,2274.64437246991
5,57,3093.953838924258
57,5,3093.953838924258
5,58,2486.8276675173556
58,5,2486.8276675173556
5,59,2533.6679162443006
59,5,2533.6679162443006
6,7,1491.7441812392958
7,6,1491.7441812392958
6,8,1003.8392733326712
8,6,1003.8392733326712
6,9,1809.0722595594111
9,6,1809.0722595594111
6,10,1841.214051540383
10,6,1841.214051540383
6,11,522.5638877751563
11,6,522.5638877751563
6,12,1815.4134136847927
12,6,1815.4134136847927
6,13,1571.8881468550996
13,6,1571.8881468550996
6,14,1024.5613502036706
14,6,1024.5613502036706
6,15,1566.1370829568018
15,6,1566.1370829568018
6,16,1644.037319119359
16,6,1644.037319119359
6,17,2428.083397025819
17,6,2428.083397025819
6,18,1369.7797803935068
18,6,1369.7797803935068
6,19,1103.841930360566
19,6,1103.841930360566
6,20,3655.693933720349
20,6,3655.693933720349
6,21,2449.827413540658
21,6,2449.827413540658
6,22,1779.4495444149525
22,6,1779.4495444149525
6,23,3756.602582512057
23,6,3756.602582512057
6,24,1814.2467018236953
24,6,1814.2467018236953
6,25,2772.786296455907
25,6,2772.786296455907
6,26,2855.281699858918
26,6,2855.281699858918
6,27,1786.07204257005
27,6,1786.07204257005
6,28,3144.259243518226
28,6,3144.259243518226
6,29,1407.312773707403
29,6,1407.312773707403
6,30,1930.4180542663798
30,6,1930.4180542663798
6,31,2203.1302379440117
31,6,2203.1302379440117
6,32,2636.9830853877447
32,6,2636.9830853877447
6,33,2771.8341580500723
33,6,2771.8341580500723
6,34,2172.9774938739765
34,6,2172.9774938739765
6,35,1041.4192844928532
35,6,1041.4192844928532
6,36,1512.5756953200098
36,6,1512.5756953200098
6,37,1827.845807116649
37,6,1827.845807116649
6,38,2084.3391716029264
38,6,2084.3391716029264
6,39,2394.09424762661
39,6,2394.09424762661
6,40,2752.781681548372
40,6,2752.781681548372
6,41,1435.7203191187446
41,6,1435.7203191187446
6,42,1547.9481756195682
42,6,1547.9481756195682
6,43,1811.562346352866
43,6,1811.562346352866
6,44,2654.2550036282023
44,6,2654.2550036282023
6,45,1749.1047075759864
45,6,1749.1047075759864
6,46,4662.811517148095
46,6,4662.811517148095
6,47,1606.7492189861637
47,6,1606.7492189861637
6,48,3657.195179896328
48,6,3657.195179896328
6,49,1265.0880355035808
49,6,1265.0880355035808
6,50,1364.799496396376
50,6,1364.799496396376
6,51,2339.4789917153075
51,6,2339.4789917153075
6,52,1146.9481715358013
52,6,1146.9481715358013
6,53,2623.3619983904373
53,6,2623.3619983904373
6,54,1204.628198376849
54,6,1204.628198376849
6,55,1423.6607722420417
55,6,1423.6607722420417
6,56,1998.787859935956
56,6,1998.787859935956
6,57,2912.653968391249
57,6,2912.653968391249
6,58,2329.926255760226
58,6,2329.926255760226
6,59,2522.055048853933
59,6,2522.055048853933
7,8,1959.5789650482377
8,7,1959.5789650482377
7,9,474.0849171679759
9,7,474.0849171679759
7,10,2075.142291761989
10,7,2075.142291761989
7,11,1039.0583852293553
11,7,1039.0583852293553
7,12,1178.0155336248683
12,7,1178.0155336248683
7,13,1992.0944042478889
13,7,1992.0944042478889
7,14,1778.049178256144
14,7,1778.049178256144
7,15,1801.1131967740337
15,7,1801.1131967740337
7,16,971.9135038093849
16,7,971.9135038093849
7,17,461.18869998384616
17,7,461.18869998384616
7,18,2416.9661712259317
18,7,2416.9661712259317
7,19,847.7987448775409
19,7,847.7987448775409
7,20,5223.973754195946
20,7,5223.973754195946
7,21,2841.4138194248308
21,7,2841.4138194248308
7,22,3150.206246024027
22,7,3150.206246024027
7,23,3714.078640668944
23,7,3714.078640668944
7,24,2315.1556830376558
24,7,2315.1556830376558
7,25,4614.935672862649
25,7,4614.935672862649
7,26,3181.88266786839
26,7,3181.88266786839
7,27,2807.4465716360464
27,7,2807.4465716360464
7,28,3648.875929745551
28,7,3648.875929745551
7,29,1888.7558497691698
29,7,1888.7558497691698
7,30,2131.0928935494203
30,7,2131.0928935494203
7,31,3219.0957995929443
31,7,3219.0957995929443
7,32,3022.25589923563
32,7,3022.25589923563
7,33,4817.386505303737
33,7,4817.386505303737
7,34,2763.0215290773035
34,7,2763.0215290773035
7,35,2943.442811295638
35,7,2943.442811295638
7,36,2984.561304552027
36,7,2984.561304552027
7,37,2790.069841699248
37,7,2790.069841699248
7,38,2168.1080726809396
38,7,2168.1080726809396
7,39,3183.603194486771
39,7,3183.603194486771
7,40,3650.1265061000295
40,7,3650.1265061000295
7,41,3073.589564469583
41,7,3073.589564469583
7,42,3716.1273731030938
42,7,3716.1273731030938
7,43,3432.092927093051
43,7,3432.092927093051
7,44,3221.7542484935357
44,7,3221.7542484935357
7,45,2735.471862505895
45,7,2735.471862505895
7,46,5342.063864225702
46,7,5342.063864225702
7,47,2499.0649919053167
47,7,2499.0649919053167
7,48,6166.925999275266
48,7,6166.925999275266
7,49,2100.35295320965
49,7,2100.35295320965
7,50,2393.5330287917236
50,7,2393.5330287917236
7,51,3209.013510504021
51,7,3209.013510504021
7,52,2124.0971530959
52,7,2124.0971530959
7,53,4311.22653780395
53,7,4311.22653780395
7,54,2324.3069796643636
54,7,2324.3069796643636
7,55,2603.153164596367
55,7,2603.153164596367
7,56,3271.0188981712263
56,7,3271.0188981712263
7,57,3576.6811598467793
57,7,3576.6811598467793
7,58,2939.4592653235277
58,7,2939.4592653235277
7,59,3468.7292927465155
59,7,3468.7292927465155
8,9,2697.5382164850575
9,8,2697.5382164850575
8,10,1461.1587919578844
10,8,1461.1587919578844
8,11,1335.9301294960048
11,8,1335.9301294960048
8,12,2893.8297142938854
12,8,2893.8297142938854
8,13,1119.4160778548883
13,8,1119.4160778548883
8,14,1378.8476275483795
14,8,1378.8476275483795
8,15,896.4424404247393
15,8,896.4424404247393
8,16,2705.9968583998966
16,8,2705.9968583998966
8,17,3713.715383153774
17,8,3713.715383153774
8,18,2974.8950367852526
18,8,2974.8950367852526
8,19,1764.8053459586913
19,8,1764.8053459586913
8,20,4454.440571263309
20,8,4454.440571263309
8,21,1523.8117516548853
21,8,1523.8117516548853
8,22,1560.0106496125431
22,8,1560.0106496125431
8,23,3236.9244496183387
23,8,3236.9244496183387
8,24,1109.1560271281378
24,8,1109.1560271281378
8,25,2499.5123901274787
25,8,2499.5123901274787
8,26,3294.8284469602922
26,8,3294.8284469602922
8,27,1231.6224252495354
27,8,1231.6224252495354
8,28,3676.726102129832
28,8,3676.726102129832
8,29,1110.3416936431493
29,8,1110.3416936431493
8,30,2077.78864530799
30,8,2077.78864530799
8,31,2294.6137466437785
31,8,2294.6137466437785
8,32,2125.2698080724613
32,8,2125.2698080724613
8,33,2618.7160598903406
33,8,2618.7160598903406
8,34,1172.6365726778272
34,8,1172.6365726778272
8,35,1229.6377229769892
35,8,1229.6377229769892
8,36,1879.5058565540774
36,8,1879.5058565540774
8,37,2470.116879861944
37,8,2470.116879861944
8,38,1952.9994032452464
38,8,1952.9994032452464
8,39,2164.5229901848234
39,8,2164.5229901848234
8,40,2513.0982182267703
40,8,2513.0982182267703
8,41,1428.6854544734083
41,8,1428.6854544734083
8,42,1461.3388294014662
42,8,1461.3388294014662
8,43,1667.2218011806406
43,8,1667.2218011806406
8,44,1481.2197010674681
44,8,1481.2197010674681
8,45,1793.312768808005
45,8,1793.312768808005
8,46,3395.3788257507795
46,8,3395.3788257507795
8,47,1306.701384067669
47,8,1306.701384067669
8,48,3229.89786154908
48,8,3229.89786154908
8,49,1140.2459436349156
49,8,1140.2459436349156
8,50,823.6028890920961
50,8,823.6028890920961
8,51,1584.8194960190137
51,8,1584.8194960190137
8,52,929.2310908542456
52,8,929.2310908542456
8,53,3216.1996074172994
53,8,3216.1996074172994
8,54,1235.594824376915
54,8,1235.594824376915
8,55,1326.4800494717106
55,8,1326.4800494717106
8,56,1517.9291767232214
56,8,1517.9291767232214
8,57,2873.4419668327273
57,8,2873.4419668327273
8,58,2342.4244902559512
58,8,2342.4244902559512
8,59,1941.7713009857275
59,8,1941.7713009857275
9,10,1982.3476492402965
10,9,1982.3476492402965
9,11,1259.0612654555132
11,9,1259.0612654555132
9,12,886.1473494185581
12,9,886.1473494185581
9,13,2287.4851421838275
13,9,2287.4851421838275
9,14,1686.156973425605
14,9,1686.156973425605
9,15,2088.62733277805
15,9,2088.62733277805
9,16,1152.4293892036617
16,9,1152.4293892036617
9,17,376.7640991197598
17,9,376.7640991197598
9,18,2979.6246957877424
18,9,2979.6246957877424
9,19,1271.241813480459
19,9,1271.241813480459
9,20,4168.824925975756
20,9,4168.824925975756
9,21,3584.817128888842
21,9,3584.817128888842
9,22,3202.091346518791
22,9,3202.091346518791
9,23,3965.6961251053567
23,9,3965.6961251053567
9,24,2266.892863866538
24,9,2266.892863866538
9,25,5043.404577756528
25,9,5043.404577756528
9,26,3190.7103760683603
26,9,3190.7103760683603
9,27,2994.4070761543735
27,9,2994.4070761543735
9,28,3916.2861804307117
28,9,3916.2861804307117
9,29,2348.166935481754
29,9,2348.166935481754
9,30,1964.1538579018993
30,9,1964.1538579018993
9,31,3510.7281651418416
31,9,3510.7281651418416
9,32,3689.907923852251
32,9,3689.907923852251
9,33,5322.567282733808
33,9,5322.567282733808
9,34,3341.5819364018753
34,9,3341.5819364018753
9,35,3109.3974345143783
35,9,3109.3974345143783
9,36,2824.1270229432416
36,9,2824.1270229432416
9,37,2170.012004453322
37,9,2170.012004453322
9,38,1483.51399654453
38,9,1483.51399654453
9,39,3266.266047459475
39,9,3266.266047459475
9,40,3657.66546163942
40,9,3657.66546163942
9,41,3163.8196241542323
41,9,3163.8196241542323
9,42,3332.199575086387
42,9,3332.199575086387
9,43,3341.2827299454175
43,9,3341.2827299454175
9,44,3467.9620809088337
44,9,3467.9620809088337
9,45,2942.2716592927122
45,9,2942.2716592927122
9,46,5547.6913241365755
46,9,5547.6913241365755
9,47,2281.1435241399668
47,9,2281.1435241399668
9,48,6930.180340312567
48,9,6930.180340312567
9,49,2495.0104566543355
49,9,2495.0104566543355
9,50,2745.8327439655313
50,9,2745.8327439655313
9,51,2586.033644154971
51,9,2586.033644154971
9,52,2244.1845107591257
52,9,2244.1845107591257
9,53,3903.300750830406
53,9,3903.300750830406
9,54,2434.9387389644535
54,9,2434.9387389644535
9,55,2435.700063498219
55,9,2435.700063498219
9,56,3105.2174915670116
56,9,3105.2174915670116
9,57,4117.159484353918
57,9,4117.159484353918
9,58,2640.76978136237
58,9,2640.76978136237
9,59,3090.0502823610377
59,9,3090.0502823610377
10,11,1099.1995815168116
11,10,1099.1995815168116
10,12,2946.276529964252
12,10,2946.276529964252
10,13,927.5619011821342
13,10,927.5619011821342
10,14,688.7481615318627
14,10,688.7481615318627
10,15,1073.9434298918627
15,10,1073.9434298918627
10,16,2700.550694061242
16,10,2700.550694061242
10,17,3050.7608049344503
17,10,3050.7608049344503
10,18,2144.9490674819604
18,10,2144.9490674819604
10,19,1573.204442905951
19,10,1573.204442905951
10,20,3024.7143363752807
20,10,3024.7143363752807
10,21,2395.4184376055214
21,10,2395.4184376055214
10,22,1811.078406794306
22,10,1811.078406794306
10,23,2815.4547418537654
23,10,2815.4547418537654
10,24,1790.051134194518
24,10,1790.051134194518
10,25,2858.6076016690936
25,10,2858.6076016690936
10,26,2776.657082339381
26,10,2776.657082339381
10,27,1242.051432132276
27,10,1242.051432132276
10,28,3275.455823455107
28,10,3275.455823455107
10,29,1623.0042627170064
29,10,1623.0042627170064
10,30,2239.8035169701157
30,10,2239.8035169701157
10,31,2469.635468263464
31,10,2469.635468263464
10,32,2188.4187890252383
32,10,2188.4187890252383
10,33,2839.4529286960924
33,10,2839.4529286960924
10,34,2534.0748318208784
34,10,2534.0748318208784
10,35,1622.1223185701438
35,10,1622.1223185701438
10,36,2041.022623422435
36,10,2041.022623422435
10,37,2000.1947361583534
37,10,2000.1947361583534
10,38,1647.6951578874487
38,10,1647.6951578874487
10,39,2032.1655870431518
39,10,2032.1655870431518
10,40,1957.6293571914982
40,10,1957.6293571914982
10,41,2022.5335279770024
41,10,2022.5335279770024
10,42,1518.799212982771
42,10,1518.799212982771
10,43,1945.2754458698605
43,10,1945.2754458698605
10,44,1667.8209151694289
44,10,1667.8209151694289
10,45,1795.2013001933828
45,10,1795.2013001933828
10,46,3738.4686624828546
46,10,3738.4686624828546
10,47,1633.718037720635
47,10,1633.718037720635
10,48,4434.652752224081
48,10,4434.652752224081
10,49,1294.0014818330608
49,10,1294.0014818330608
10,50,1603.150960363033
50,10,1603.150960363033
10,51,1695.5005300167675
51,10,1695.5005300167675
10,52,997.0553663090662
52,10,997.0553663090662
10,53,2884.907104995328
53,10,2884.907104995328
10,54,1445.3255687342012
54,10,1445.3255687342012
10,55,1476.1546309053367
55,10,1476.1546309053367
10,56,2068.94262026462
56,10,2068.94262026462
10,57,3473.798446630829
57,10,3473.798446630829
10,58,2224.844269376106
58,10,2224.844269376106
10,59,2716.0176940929105
59,10,2716.0176940929105
11,12,1246.8874257496147
12,11,1246.8874257496147
11,13,1583.808802758869
13,11,1583.808802758869
11,14,1066.8571750036494
14,11,1066.8571750036494
11,15,1287.1723872656714
15,11,1287.1723872656714
11,16,1504.938265454047
16,11,1504.938265454047
11,17,1866.33713826468
17,11,1866.33713826468
11,18,1137.3466133545785
18,11,1137.3466133545785
11,19,428.72401504256885
19,11,428.72401504256885
11,20,4295.377749140445
20,11,4295.377749140445
11,21,2122.363416487562
21,11,2122.363416487562
11,22,1524.815261931087
22,11,1524.815261931087
11,23,2635.479929910619
23,11,2635.479929910619
11,24,1673.9225570934782
24,11,1673.9225570934782
11,25,2699.4727551689375
25,11,2699.4727551689375
11,26,2569.972654727954
26,11,2569.972654727954
11,27,1449.570098132046
27,11,1449.570098132046
11,28,2726.7969003236453
28,11,2726.7969003236453
11,29,1267.6644144004824
29,11,1267.6644144004824
11,30,1748.7759359196127
30,11,1748.7759359196127
11,31,1948.6657438249454
31,11,1948.6657438249454
11,32,1891.9754857205091
32,11,1891.9754857205091
11,33,2702.987688872771
33,11,2702.987688872771
11,34,1594.0269261194778
34,11,1594.0269261194778
11,35,1326.685316803424
35,11,1326.685316803424
11,36,1431.3706324292775
36,11,1431.3706324292775
11,37,1817.1013034085329
37,11,1817.1013034085329
11,38,1480.1465874997791
38,11,1480.1465874997791
11,39,2143.2043127099764
39,11,2143.2043127099764
11,40,1973.483969451354
40,11,1973.483969451354
11,41,1307.1998689856714
41,11,1307.1998689856714
11,42,1855.37865673384
42,11,1855.37865673384
11,43,1637.8052334998972
43,11,1637.8052334998972
11,44,2326.991499445719
44,11,2326.991499445719
11,45,1694.2982273458924
45,11,1694.2982273458924
11,46,5205.612431537525
46,11,5205.612431537525
11,47,1410.8103688613533
47,11,1410.8103688613533
11,48,3778.571819215049
48,11,3778.571819215049
11,49,1192.3439807836096
49,11,1192.3439807836096
11,50,1550.551298340405
50,11,1550.551298340405
11,51,2183.922817629375
51,11,2183.922817629375
11,52,980.3449099271836
52,11,980.3449099271836
11,53,2700.7942529686634
53,11,2700.7942529686634
11,54,994.8135089483627
54,11,994.8135089483627
11,55,1597.3561742303532
55,11,1597.3561742303532
11,56,1812.5041823165618
56,11,1812.5041823165618
11,57,2884.5257678110947
57,11,2884.5257678110947
11,58,1655.9931705407726
58,11,1655.9931705407726
11,59,2813.124378883702
59,11,2813.124378883702
12,13,2407.0433389242858
13,12,2407.0433389242858
12,14,2000.506794993415
14,12,2000.506794993415
12,15,2488.4482989173116
15,12,2488.4482989173116
12,16,1107.2435220197424
16,12,1107.2435220197424
12,17,1681.9769179920143
17,12,1681.9769179920143
12,18,2915.9253857648046
18,12,2915.9253857648046
12,19,1175.4399830600537
19,12,1175.4399830600537
12,20,5195.766735174495
20,12,5195.766735174495
12,21,3095.21991171346
21,12,3095.21991171346
12,22,3126.909794701992
22,12,3126.909794701992
12,23,4648.535498765255
23,12,4648.535498765255
12,24,2530.0716346179292
24,12,2530.0716346179292
12,25,4825.169615467345
25,12,4825.169615467345
12,26,2848.056966461344
26,12,2848.056966461344
12,27,2844.8981684958317
27,12,2844.8981684958317
12,28,4201.32310934138
28,12,4201.32310934138
12,29,2823.93821924721
29,12,2823.93821924721
12,30,2323.0700785131107
30,12,2323.0700785131107
12,31,3653.7982448310386
31,12,3653.7982448310386
12,32,3715.56990038391
32,12,3715.56990038391
12,33,5106.066210120849
33,12,5106.066210120849
12,34,2726.4780103946005
34,12,2726.4780103946005
12,35,2825.254449335607
35,12,2825.254449335607
12,36,2650.2360020545157
36,12,2650.2360020545157
12,37,2689.2659925657667
37,12,2689.2659925657667
12,38,2008.0402727607593
38,12,2008.0402727607593
12,39,3576.1715045694064
39,12,3576.1715045694064
12,40,4493.1446451728525
40,12,4493.1446451728525
12,41,4215.6298114447945
41,12,4215.6298114447945
12,42,3766.7735886541404
42,12,3766.7735886541404
12,43,4152.452389366375
43,12,4152.452389366375
12,44,3796.935222815656
44,12,3796.935222815656
12,45,3431.974835404807
45,12,3431.974835404807
12,46,6220.571103262138
46,12,6220.571103262138
12,47,2563.2954366638373
47,12,2563.2954366638373
12,48,7161.827371612069
48,12,7161.827371612069
12,49,2605.363417284459
49,12,2605.363417284459
12,50,3066.302338141678
50,12,3066.302338141678
12,51,3543.8316529900803
51,12,3543.8316529900803
12,52,2524.816941849504
52,12,2524.816941849504
12,53,4235.546316132695
53,12,4235.546316132695
12,54,2561.883244334723
54,12,2561.883244334723
12,55,3621.441130019997
55,12,3621.441130019997
12,56,3707.125837355425
56,12,3707.125837355425
12,57,5016.086612806574
57,12,5016.086612806574
12,58,3579.4702149768673
58,12,3579.4702149768673
12,59,3662.433250305746
59,12,3662.433250305746
13,14,1161.6524473511824
14,13,1161.6524473511824
13,15,1009.1844805254716
15,13,1009.1844805254716
13,16,2240.324737112726
16,13,2240.324737112726
13,17,3059.643353072527
17,13,3059.643353072527
13,18,3558.5082446061156
18,13,3558.5082446061156
13,19,1508.9979931585071
19,13,1508.9979931585071
13,20,2962.1822424859583
20,13,2962.1822424859583
13,21,1750.228518373337
21,13,1750.228518373337
13,22,2081.654803279074
22,13,2081.654803279074
13,23,2137.141139804925
23,13,2137.141139804925
13,24,1156.8024135940416
24,13,1156.8024135940416
13,25,2399.3234473599086
25,13,2399.3234473599086
13,26,3035.7407646327347
26,13,3035.7407646327347
13,27,1474.0407004595402
27,13,1474.0407004595402
13,28,2760.052902753133
28,13,2760.052902753133
13,29,1390.6845980262704
29,13,1390.6845980262704
13,30,1589.1186631868516
30,13,1589.1186631868516
13,31,1958.3220042421792
31,13,1958.3220042421792
13,32,1691.3396028309664
32,13,1691.3396028309664
13,33,2385.9481410597846
33,13,2385.9481410597846
13,34,1817.1366636549112
34,13,1817.1366636549112
13,35,1349.030809664518
35,13,1349.030809664518
13,36,1294.3503324656203
36,13,1294.3503324656203
13,37,1550.5338009181858
37,13,1550.5338009181858
13,38,1452.8523972098485
38,13,1452.8523972098485
13,39,2117.598890580617
39,13,2117.598890580617
13,40,2692.660476312923
40,13,2692.660476312923
13,41,2103.3964585470067
41,13,2103.3964585470067
13,42,1700.2282170596068
42,13,1700.2282170596068
13,43,2387.63073758925
43,13,2387.63073758925
13,44,1533.1866925433249
44,13,1533.1866925433249
13,45,1724.3079690176157
45,13,1724.3079690176157
13,46,3792.228235113626
46,13,3792.228235113626
13,47,1317.6293509384457
47,13,1317.6293509384457
13,48,2955.513397393816
48,13,2955.513397393816
13,49,1245.5019674656712
49,13,1245.5019674656712
13,50,1191.9695001540617
50,13,1191.9695001540617
13,51,2117.810858411733
51,13,2117.810858411733
13,52,1157.5595619766077
52,13,1157.5595619766077
13,53,2429.931383286907
53,13,2429.931383286907
13,54,1829.876252579275
54,13,1829.876252579275
13,55,1634.0571035762973
55,13,1634.0571035762973
13,56,2067.5293280569485
56,13,2067.5293280569485
13,57,2751.697408211591
57,13,2751.697408211591
13,58,2342.618618947439
58,13,2342.618618947439
13,59,2089.4770121157044
59,13,2089.4770121157044
14,15,722.2628028109873
15,14,722.2628028109873
14,16,2118.0686434054196
16,14,2118.0686434054196
14,17,2338.7388897129285
17,14,2338.7388897129285
14,18,2544.850579913937
18,14,2544.850579913937
14,19,1338.189793022792
19,14,1338.189793022792
14,20,2624.115685877527
20,14,2624.115685877527
14,21,1657.1106037660006
21,14,1657.1106037660006
14,22,1330.30718356015
22,14,1330.30718356015
14,23,2771.305244387734
23,14,2771.305244387734
14,24,1322.4942824091775
24,14,1322.4942824091775
14,25,2721.059800475025
25,14,2721.059800475025
14,26,2361.034735026684
26,14,2361.034735026684
14,27,1215.449641625592
27,14,1215.449641625592
14,28,3087.194894508655
28,14,3087.194894508655
14,29,1276.7367619307004
29,14,1276.7367619307004
14,30,1139.4009978119911
30,14,1139.4009978119911
14,31,2242.094209341033
31,14,2242.094209341033
14,32,1875.6610456567919
32,14,1875.6610456567919
14,33,2942.43949460025
33,14,2942.43949460025
14,34,2100.095778466363
34,14,2100.095778466363
14,35,828.7713358404841
35,14,828.7713358404841
14,36,900.6373725497951
36,14,900.6373725497951
14,37,1320.4393221870264
37,14,1320.4393221870264
14,38,1264.3654165138303
38,14,1264.3654165138303
14,39,2090.8731443270635
39,14,2090.8731443270635
14,40,2072.481382947227
40,14,2072.481382947227
14,41,1720.5748525609456
41,14,1720.5748525609456
14,42,1404.2415990647835
42,14,1404.2415990647835
14,43,1888.685341518401
43,14,1888.685341518401
14,44,1354.570462118822
44,14,1354.570462118822
14,45,1404.9079819862013
45,14,1404.9079819862013
14,46,3614.323771828077
46,14,3614.323771828077
14,47,1144.3443565164364
47,14,1144.3443565164364
14,48,3910.664004202727
48,14,3910.664004202727
14,49,915.7364838892693
49,14,915.7364838892693
14,50,1205.4748616322142
50,14,1205.4748616322142
14,51,1719.7271007517757
51,14,1719.7271007517757
14,52,968.5824913776336
52,14,968.5824913776336
14,53,2277.2022292980237
53,14,2277.2022292980237
14,54,1105.8942721660665
54,14,1105.8942721660665
14,55,1055.221664185331
55,14,1055.221664185331
14,56,1615.8747144093886
56,14,1615.8747144093886
14,57,2745.767150254018
57,14,2745.767150254018
14,58,1735.5643778155863
58,14,1735.5643778155863
14,59,2014.984708854718
59,14,2014.984708854718
15,16,1967.1631832653743
16,15,1967.1631832653743
15,17,2976.269380163686
17,15,2976.269380163686
15,18,3490.948993932867
18,15,3490.948993932867
15,19,1356.4877398283259
19,15,1356.4877398283259
15,20,3325.800676213867
20,15,3325.800676213867
15,21,1643.84500733513
21,15,1643.84500733513
15,22,1657.8348746160398
22,15,1657.8348746160398
15,23,2217.8591021946545
23,15,2217.8591021946545
15,24,1204.9096876309582
24,15,1204.9096876309582
15,25,2156.682379799303
25,15,2156.682379799303
15,26,2692.5395443746042
26,15,2692.5395443746042
15,27,1158.2831692828229
27,15,1158.2831692828229
15,28,3131.401967685763
28,15,3131.401967685763
15,29,1174.6642346382457
29,15,1174.6642346382457
15,30,1278.2742942845866
30,15,1278.2742942845866
15,31,2373.5253634045735
31,15,2373.5253634045735
15,32,1870.591649715209
32,15,1870.591649715209
15,33,2563.571310808267
33,15,2563.571310808267
15,34,1680.6097898571225
34,15,1680.6097898571225
15,35,1070.1392571814463
35,15,1070.1392571814463
15,36,1153.764361834052
36,15,1153.764361834052
15,37,1761.9351543641533
37,15,1761.9351543641533
15,38,1396.720571791086
38,15,1396.720571791086
15,39,1980.650413159409
39,15,1980.650413159409
15,40,2050.7925306534335
40,15,2050.7925306534335
15,41,1844.9408054485116
41,15,1844.9408054485116
15,42,1495.7223631834615
42,15,1495.7223631834615
