0,1,2695.8126294036497
1,0,2695.8126294036497
0,2,2060.3985327943237
2,0,2060.3985327943237
0,3,3098.8077593871226
3,0,3098.8077593871226
0,4,1667.2881784969127
4,0,1667.2881784969127
0,5,1717.1858570809593
5,0,1717.1858570809593
0,6,1847.7539716296765
6,0,1847.7539716296765
0,7,2666.2795750844757
7,0,2666.2795750844757
0,8,1858.1914506626786
8,0,1858.1914506626786
0,9,3320.578725040273
9,0,3320.578725040273
0,10,1677.6232485002154
10,0,1677.6232485002154
0,11,1656.8846657526913
11,0,1656.8846657526913
0,12,3574.0839573258368
12,0,3574.0839573258368
0,13,1719.28561566565
13,0,1719.28561566565
0,14,1059.1132557168548
14,0,1059.1132557168548
0,15,727.942642624144
15,0,727.942642624144
0,16,2964.5137281177144
16,0,2964.5137281177144
0,17,3459.336852190535
17,0,3459.336852190535
0,18,3904.333258057314
18,0,3904.333258057314
0,19,1803.0200662477855
19,0,1803.0200662477855
0,20,4157.766976662084
20,0,4157.766976662084
0,21,1957.9977272514723
21,0,1957.9977272514723
0,22,1690.7880241630305
22,0,1690.7880241630305
0,23,2819.432592211858
23,0,2819.432592211858
0,24,2466.214385719913
24,0,2466.214385719913
0,25,2757.6084956388163
25,0,2757.6084956388163
0,26,4101.18702424651
26,0,4101.18702424651
0,27,6099.89862405804
27,0,6099.89862405804
0,28,2935.789025147012
28,0,2935.789025147012
0,29,3553.185493923924
29,0,3553.185493923924
0,30,2134.7648285137634
30,0,2134.7648285137634
0,31,2288.5858416078836
31,0,2288.5858416078836
0,32,1860.3548707703073
32,0,1860.3548707703073
0,33,3404.0492085582264
33,0,3404.0492085582264
0,34,2825.829031462569
34,0,2825.829031462569
0,35,1663.797935085266
35,0,1663.797935085266
0,36,1575.9655166867988
36,0,1575.9655166867988
0,37,3091.123590840247
37,0,3091.123590840247
0,38,2604.7415655716836
38,0,2604.7415655716836
0,39,2784.8389281662176
39,0,2784.8389281662176
0,40,2147.58838474158
40,0,2147.58838474158
0,41,1805.2828534210607
41,0,1805.2828534210607
0,42,1753.8222489756888
42,0,1753.8222489756888
0,43,2078.959803983743
43,0,2078.959803983743
0,44,2155.1333287817497
44,0,2155.1333287817497
0,45,1480.4629394153353
45,0,1480.4629394153353
0,46,4363.143680940034
46,0,4363.143680940034
0,47,1957.376823274993
47,0,1957.376823274993
0,48,3478.3566079787547
48,0,3478.3566079787547
0,49,1378.4027066836547
49,0,1378.4027066836547
0,50,1984.874260925359
50,0,1984.874260925359
0,51,2720.1386586819613
51,0,2720.1386586819613
0,52,1423.6609934920873
52,0,1423.6609934920873
0,53,2592.2883525498864
53,0,2592.2883525498864
0,54,1640.0893203318185
54,0,1640.0893203318185
0,55,1584.3481232542404
55,0,1584.3481232542404
0,56,2123.649296334157
56,0,2123.649296334157
0,57,2959.7744676125926
57,0,2959.7744676125926
0,58,1655.2378895969352
58,0,1655.2378895969352
0,59,2973.0591580958207
59,0,2973.0591580958207
1,2,1675.8336915454001
2,1,1675.8336915454001
1,3,691.475517747232
3,1,691.475517747232
1,4,1543.5485503529944
4,1,1543.5485503529944
1,5,2050.3395287069384
5,1,2050.3395287069384
1,6,1820.4241250858693
6,1,1820.4241250858693
1,7,474.58343619508867
7,1,474.58343619508867
1,8,2199.396395943862
8,1,2199.396395943862
1,9,412.0142745586866
9,1,412.0142745586866
1,10,2013.61870694415
10,1,2013.61870694415
1,11,1336.434160937595
11,1,1336.434160937595
1,12,1379.645269267571
12,1,1379.645269267571
1,13,1667.7020505596763
13,1,1667.7020505596763
1,14,1404.9785304640159
14,1,1404.9785304640159
1,15,1502.9266683281694
15,1,1502.9266683281694
1,16,1297.7347089365946
16,1,1297.7347089365946
1,17,390.8686414629399
17,1,390.8686414629399
1,18,3135.686653078861
18,1,3135.686653078861
1,19,1474.576829739011
19,1,1474.576829739011
1,20,4442.402552135064
20,1,4442.402552135064
1,21,2773.819500131595
21,1,2773.819500131595
1,22,2854.624129517185
22,1,2854.624129517185
1,23,3839.19076401435
23,1,3839.19076401435
1,24,2142.0546013289177
24,1,2142.0546013289177
1,25,3747.699506325859
25,1,3747.699506325859
1,26,2550.0000125336346
26,1,2550.0000125336346
1,27,5976.229476203791
27,1,5976.229476203791
1,28,3244.095370556316
28,1,3244.095370556316
1,29,4252.406069087313
29,1,4252.406069087313
1,30,2077.359585050211
30,1,2077.359585050211
1,31,2971.33898263281
31,1,2971.33898263281
1,32,2985.366608267945
32,1,2985.366608267945
1,33,4040.709950024765
33,1,4040.709950024765
1,34,2760.5405101251276
34,1,2760.5405101251276
1,35,2185.9100423584355
35,1,2185.9100423584355
1,36,1854.7007690240523
36,1,1854.7007690240523
1,37,2093.1834959123344
37,1,2093.1834959123344
1,38,1487.6427778848924
38,1,1487.6427778848924
1,39,2244.616605531788
39,1,2244.616605531788
1,40,2935.6815363452356
40,1,2935.6815363452356
1,41,2208.292496266912
41,1,2208.292496266912
1,42,2863.6780049165986
42,1,2863.6780049165986
1,43,2612.7808419857743
43,1,2612.7808419857743
1,44,2938.069439679687
44,1,2938.069439679687
1,45,2449.1447797988562
45,1,2449.1447797988562
1,46,4992.446745014742
46,1,4992.446745014742
1,47,2203.1208972111413
47,1,2203.1208972111413
1,48,5230.705052619851
48,1,5230.705052619851
1,49,1781.3278100773919
49,1,1781.3278100773919
1,50,2234.215196903152
50,1,2234.215196903152
1,51,2559.323869693101
51,1,2559.323869693101
1,52,1759.5053752652889
52,1,1759.5053752652889
1,53,3332.212225252852
53,1,3332.212225252852
1,54,1787.0167791669355
54,1,1787.0167791669355
1,55,1910.0257529016076
55,1,1910.0257529016076
1,56,2942.4280704426615
56,1,2942.4280704426615
1,57,3900.068707342072
57,1,3900.068707342072
1,58,2701.303361422338
58,1,2701.303361422338
1,59,2967.597314566156
59,1,2967.597314566156
2,3,2381.8818018044303
3,2,2381.8818018044303
2,4,1694.1785463390727
4,2,1694.1785463390727
2,5,1265.6785955668204
5,2,1265.6785955668204
2,6,1856.2718217797471
6,2,1856.2718217797471
2,7,2369.1296468199025
7,2,2369.1296468199025
2,8,1852.402926620986
8,2,1852.402926620986
2,9,2527.7413639948595
9,2,2527.7413639948595
2,10,1787.5331753494252
10,2,1787.5331753494252
2,11,1590.9860669404193
11,2,1590.9860669404193
2,12,2491.6963922902332
12,2,2491.6963922902332
2,13,1748.5864481053056
13,2,1748.5864481053056
2,14,1439.3224343684255
14,2,1439.3224343684255
2,15,1001.6207621792358
15,2,1001.6207621792358
2,16,2449.8153447557115
16,2,2449.8153447557115
2,17,3375.6407669137357
17,2,3375.6407669137357
2,18,3142.6439751979606
18,2,3142.6439751979606
2,19,1920.867284448405
19,2,1920.867284448405
2,20,3188.187450867419
20,2,3188.187450867419
2,21,1604.2473435514414
21,2,1604.2473435514414
2,22,1610.1028179341872
22,2,1610.1028179341872
2,23,2567.5861110699852
23,2,2567.5861110699852
2,24,1545.2591688098694
24,2,1545.2591688098694
2,25,2479.738700189246
25,2,2479.738700189246
2,26,2512.229051748515
26,2,2512.229051748515
2,27,5010.030757745742
27,2,5010.030757745742
2,28,2794.6346197010857
28,2,2794.6346197010857
2,29,3303.6866915596174
29,2,3303.6866915596174
2,30,1433.0100939374065
30,2,1433.0100939374065
2,31,2844.334971416786
31,2,2844.334971416786
2,32,2536.434198663819
32,2,2536.434198663819
2,33,2304.2751398231076
33,2,2304.2751398231076
2,34,1541.7241864217424
34,2,1541.7241864217424
2,35,1364.3990916562834
35,2,1364.3990916562834
2,36,1113.9969954394355
36,2,1113.9969954394355
2,37,1780.9242504164445
37,2,1780.9242504164445
2,38,1342.8373690936112
38,2,1342.8373690936112
2,39,1706.6728671506178
39,2,1706.6728671506178
2,40,2109.924106366975
40,2,2109.924106366975
2,41,1590.4688943197748
41,2,1590.4688943197748
2,42,1688.2493002865006
42,2,1688.2493002865006
2,43,2345.3876626894307
43,2,2345.3876626894307
2,44,2545.076229379829
44,2,2545.076229379829
2,45,1661.467361914673
45,2,1661.467361914673
2,46,3862.777814735531
46,2,3862.777814735531
2,47,1523.3758747025215
47,2,1523.3758747025215
2,48,4241.966109620895
48,2,4241.966109620895
2,49,1453.8543446076396
49,2,1453.8543446076396
2,50,1315.88382685342
50,2,1315.88382685342
2,51,2160.224774896957
51,2,2160.224774896957
2,52,1501.7875483380105
52,2,1501.7875483380105
2,53,2405.118904492661
53,2,2405.118904492661
2,54,1432.8200028452773
54,2,1432.8200028452773
2,55,1200.0311896358767
55,2,1200.0311896358767
2,56,1890.132947117576
56,2,1890.132947117576
2,57,1867.4797369872263
57,2,1867.4797369872263
2,58,2683.393504024035
58,2,2683.393504024035
2,59,2328.275748227847
59,2,2328.275748227847
3,4,1845.470127667623
4,3,1845.470127667623
3,5,1960.2070011698574
5,3,1960.2070011698574
3,6,1818.7114188629125
6,3,1818.7114188629125
3,7,473.7780937076453
7,3,473.7780937076453
3,8,2812.3219301455847
8,3,2812.3219301455847
3,9,650.0032997499137
9,3,650.0032997499137
3,10,2450.1296025917986
10,3,2450.1296025917986
3,11,1545.2288701838745
11,3,1545.2288701838745
3,12,1061.3710466650036
12,3,1061.3710466650036
3,13,1995.0876190087704
13,3,1995.0876190087704
3,14,1839.7995652305817
14,3,1839.7995652305817
3,15,1686.2697981588506
15,3,1686.2697981588506
3,16,1145.2661022465154
16,3,1145.2661022465154
3,17,519.6771223354482
17,3,519.6771223354482
3,18,3817.1159048310374
18,3,3817.1159048310374
3,19,1234.2489137248172
19,3,1234.2489137248172
3,20,4975.3365320113135
20,3,4975.3365320113135
3,21,3499.829210676717
21,3,3499.829210676717
3,22,3277.7532835619436
22,3,3277.7532835619436
3,23,3645.3401470577933
23,3,3645.3401470577933
3,24,2865.801092355353
24,3,2865.801092355353
3,25,4488.3713547279385
25,3,4488.3713547279385
3,26,3312.4306084698537
26,3,3312.4306084698537
3,27,5866.665280764671
27,3,5866.665280764671
3,28,3894.8723572096787
28,3,3894.8723572096787
3,29,6414.2661968833545
29,3,6414.2661968833545
3,30,2145.2364022883125
30,3,2145.2364022883125
3,31,3657.5185852515447
31,3,3657.5185852515447
3,32,3808.5248482261804
32,3,3808.5248482261804
3,33,4366.788673175089
33,3,4366.788673175089
3,34,3145.5471587908937
34,3,3145.5471587908937
3,35,3932.4865446509625
35,3,3932.4865446509625
3,36,2632.541299472903
36,3,2632.541299472903
3,37,2545.3696341731606
37,3,2545.3696341731606
3,38,2863.014295810076
38,3,2863.014295810076
3,39,3370.017294753981
39,3,3370.017294753981
3,40,4321.581904720292
40,3,4321.581904720292
3,41,3245.196869475558
41,3,3245.196869475558
3,42,3840.704753311802
42,3,3840.704753311802
3,43,3172.5545701071283
43,3,3172.5545701071283
3,44,3178.9543039276823
44,3,3178.9543039276823
3,45,3454.5232833841023
45,3,3454.5232833841023
3,46,5925.730397719677
46,3,5925.730397719677
3,47,2892.586556387115
47,3,2892.586556387115
3,48,6928.106661887435
48,3,6928.106661887435
3,49,2503.394802620703
49,3,2503.394802620703
3,50,2992.476009889633
50,3,2992.476009889633
3,51,3379.1040059531238
51,3,3379.1040059531238
3,52,2562.424472522362
52,3,2562.424472522362
3,53,3733.564236912428
53,3,3733.564236912428
3,54,2334.144419242643
54,3,2334.144419242643
3,55,2944.872711415302
55,3,2944.872711415302
3,56,3585.4641729473137
56,3,3585.4641729473137
3,57,3846.5963962812593
57,3,3846.5963962812593
3,58,2925.697755759039
58,3,2925.697755759039
3,59,3827.8645084643103
59,3,3827.8645084643103
4,5,1171.7434205529566
5,4,1171.7434205529566
4,6,592.3350516855361
6,4,592.3350516855361
4,7,1346.6424772391583
7,4,1346.6424772391583
4,8,219.50973340559426
8,4,219.50973340559426
4,9,1744.0728929881611
9,4,1744.0728929881611
4,10,1255.575323657308
10,4,1255.575323657308
4,11,895.9953109345472
11,4,895.9953109345472
4,12,1806.4052346565059
12,4,1806.4052346565059
4,13,913.6093304643988
13,4,913.6093304643988
4,14,1036.6701264801993
14,4,1036.6701264801993
4,15,759.3105198251841
15,4,759.3105198251841
4,16,2167.019050054225
16,4,2167.019050054225
4,17,2330.5098671150545
17,4,2330.5098671150545
4,18,2126.98897898825
18,4,2126.98897898825
4,19,1024.5829882037265
19,4,1024.5829882037265
4,20,3899.634814482176
20,4,3899.634814482176
4,21,1690.0448563933708
21,4,1690.0448563933708
4,22,1801.3617162701364
22,4,1801.3617162701364
4,23,3176.9648606024366
23,4,3176.9648606024366
4,24,1203.7091753583293
24,4,1203.7091753583293
4,25,2781.147331757026
25,4,2781.147331757026
4,26,2649.7119880434216
26,4,2649.7119880434216
4,27,4163.4928360477625
27,4,4163.4928360477625
4,28,3147.9911527138584
28,4,3147.9911527138584
4,29,4340.886062391111
29,4,4340.886062391111
4,30,1694.2891717554285
30,4,1694.2891717554285
4,31,2358.1211916708476
31,4,2358.1211916708476
4,32,2193.2946397499973
32,4,2193.2946397499973
4,33,2943.598304188804
33,4,2943.598304188804
4,34,1702.6665423536556
34,4,1702.6665423536556
4,35,992.4770615828072
35,4,992.4770615828072
4,36,1737.9038827662425
36,4,1737.9038827662425
4,37,2052.446215761826
37,4,2052.446215761826
4,38,1604.597848677198
38,4,1604.597848677198
4,39,2059.6979977837564
39,4,2059.6979977837564
4,40,2485.8041381812122
40,4,2485.8041381812122
4,41,1583.4872412094405
41,4,1583.4872412094405
4,42,1797.6699183727155
42,4,1797.6699183727155
4,43,1967.399225846601
43,4,1967.399225846601
4,44,1590.559913714514
44,4,1590.559913714514
4,45,1989.8045836510987
45,4,1989.8045836510987
4,46,3815.914626407243
46,4,3815.914626407243
4,47,1276.5050530411204
47,4,1276.5050530411204
4,48,3234.6785502654666
48,4,3234.6785502654666
4,49,1314.2853956067934
49,4,1314.2853956067934
4,50,974.6902995129743
50,4,974.6902995129743
4,51,1893.6909450605713
51,4,1893.6909450605713
4,52,957.6140746534978
52,4,957.6140746534978
4,53,3113.6983028424575
53,4,3113.6983028424575
4,54,1325.3984407709468
54,4,1325.3984407709468
4,55,1374.5791178032582
55,4,1374.5791178032582
4,56,1893.0024465770657
56,4,1893.0024465770657
4,57,3249.6106925820136
57,4,3249.6106925820136
4,58,2046.6485182278634
58,4,2046.6485182278634
4,59,2096.688895603667
59,4,2096.688895603667
5,6,1426.897638228252
6,5,1426.897638228252
5,7,1424.9907058873187
7,5,1424.9907058873187
5,8,1270.052231984207
8,5,1270.052231984207
5,9,2220.418722627122
9,5,2220.418722627122
5,10,1324.2440522728925
10,5,1324.2440522728925
5,11,1079.4424482962625
11,5,1079.4424482962625
5,12,1893.669700923434
12,5,1893.669700923434
5,13,1436.2540206676656
13,5,1436.2540206676656
5,14,1168.2259525212608
14,5,1168.2259525212608
5,15,1131.1112176977176
15,5,1131.1112176977176
5,16,1963.0803835925603
16,5,1963.0803835925603
5,17,2914.4360129298193
17,5,2914.4360129298193
5,18,2060.426616701397
18,5,2060.426616701397
5,19,1271.6846117529253
19,5,1271.6846117529253
5,20,3744.9530722930344
20,5,3744.9530722930344
5,21,2101.72800698819
21,5,2101.72800698819
5,22,1551.2951613574394
22,5,1551.2951613574394
5,23,2775.593902798905
23,5,2775.593902798905
5,24,1713.6851248379087
24,5,1713.6851248379087
5,25,3555.7294452965807
25,5,3555.7294452965807
5,26,2918.97653704494
26,5,2918.97653704494
5,27,3805.938745151298
27,5,3805.938745151298
5,28,3168.350176385028
28,5,3168.350176385028
5,29,3627.62215950224
29,5,3627.62215950224
5,30,1665.0964506863852
30,5,1665.0964506863852
5,31,2359.6210803747786
31,5,2359.6210803747786
5,32,2128.256833787818
32,5,2128.256833787818
5,33,3810.1283632429927
33,5,3810.1283632429927
5,34,1780.3329450105418
34,5,1780.3329450105418
5,35,1517.1100800704676
35,5,1517.1100800704676
5,36,1855.949021019628
36,5,1855.949021019628
5,37,1808.562828140811
37,5,1808.562828140811
5,38,1864.9750537542168
38,5,1864.9750537542168
5,39,2504.93806377125
39,5,2504.93806377125
5,40,3109.2590099765007
40,5,3109.2590099765007
5,41,2011.835957096515
41,5,2011.835957096515
5,42,2177.259096674811
42,5,2177.259096674811
5,43,2055.2029149513473
43,5,2055.2029149513473
5,44,2451.018363414037
44,5,2451.018363414037
5,45,2579.9417007814673
45,5,2579.9417007814673
5,46,4241.71949335365
46,5,4241.71949335365
5,47,1877.8440324947628
47,5,1877.8440324947628
5,48,4705.053563119658
48,5,4705.053563119658
5,49,1760.3519240985133
49,5,1760.3519240985133
5,50,1576.8578962861397
50,5,1576.8578962861397
5,51,2577.2748561910985
51,5,2577.2748561910985
5,52,1391.0236460609678
52,5,1391.0236460609678
5,53,3604.276560454585
53,5,3604.276560454585
5,54,1466.2964727106385
54,5,1466.2964727106385
5,55,1511.1908704310542
55,5,1511.1908704310542
5,56,2371.3433080657587
56,5,2371.3433080657587
5,57,3190.790126804607
57,5,3190.790126804607
5,58,2520.9987249023075
58,5,2520.9987249023075
5,59,2544.724352665119
59,5,2544.724352665119
6,7,1488.171660234902
7,6,1488.171660234902
6,8,1011.5827578020865
8,6,1011.5827578020865
6,9,1794.115173380042
9,6,1794.115173380042
6,10,1843.276412752799
10,6,1843.276412752799
6,11,533.5383813633679
11,6,533.5383813633679
6,12,1795.0726485209918
12,6,1795.0726485209918
6,13,1649.4532464603963
13,6,1649.4532464603963
6,14,1032.90327622633
14,6,1032.90327622633
6,15,1574.66445867766
15,6,1574.66445867766
6,16,1638.11455856193
16,6,1638.11455856193
6,17,2481.633022956491
17,6,2481.633022956491
6,18,1360.506380626858
18,6,1360.506380626858
6,19,1120.5094376300924
19,6,1120.5094376300924
6,20,3811.9958339776554
20,6,3811.9958339776554
6,21,2551.3924780802163
21,6,2551.3924780802163
6,22,1847.91472211943
22,6,1847.91472211943
6,23,3879.756565296967
23,6,3879.756565296967
6,24,1852.1452812929153
24,6,1852.1452812929153
6,25,2894.3813632638908
25,6,2894.3813632638908
6,26,2884.437693512714
26,6,2884.437693512714
6,27,4402.525608865428
27,6,4402.525608865428
6,28,3292.404750563571
28,6,3292.404750563571
6,29,3949.325937683526
29,6,3949.325937683526
6,30,1980.1672821820716
30,6,1980.1672821820716
6,31,2240.671907213903
31,6,2240.671907213903
6,32,2762.3133451879953
32,6,2762.3133451879953
6,33,2855.7309366249383
33,6,2855.7309366249383
6,34,2269.152322414615
34,6,2269.152322414615
6,35,1064.3845340412347
35,6,1064.3845340412347
6,36,1554.3472053721423
36,6,1554.3472053721423
6,37,1887.500428405694
37,6,1887.500428405694
6,38,2149.1299569092403
38,6,2149.1299569092403
6,39,2447.663933920593
39,6,2447.663933920593
6,40,2745.4527314107468
40,6,2745.4527314107468
6,41,1448.8684360432349
41,6,1448.8684360432349
6,42,1535.7418940828077
42,6,1535.7418940828077
6,43,1902.094736390104
43,6,1902.094736390104
6,44,2705.977332222583
44,6,2705.977332222583
6,45,1737.2865276753466
45,6,1737.2865276753466
6,46,4728.336070774095
46,6,4728.336070774095
6,47,1579.836451935948
47,6,1579.836451935948
6,48,3881.833758595438
48,6,3881.833758595438
6,49,1253.0748266478656
49,6,1253.0748266478656
6,50,1390.618512878055
50,6,1390.618512878055
6,51,2403.7999008969364
51,6,2403.7999008969364
6,52,1126.9074789320225
52,6,1126.9074789320225
6,53,2754.265181830797
53,6,2754.265181830797
6,54,1237.9154351833643
54,6,1237.9154351833643
6,55,1480.518558550324
55,6,1480.518558550324
6,56,2042.733291185142
56,6,2042.733291185142
6,57,3079.055785346233
57,6,3079.055785346233
6,58,2362.5417152127775
58,6,2362.5417152127775
6,59,2618.563440642375
59,6,2618.563440642375
7,8,1959.6701206182595
8,7,1959.6701206182595
7,9,475.5498583759569
9,7,475.5498583759569
7,10,2048.723132094741
10,7,2048.723132094741
7,11,1040.7979237466818
11,7,1040.7979237466818
7,12,1163.6615424302836
12,7,1163.6615424302836
7,13,1975.3863981210402
13,7,1975.3863981210402
7,14,1751.4481861553763
14,7,1751.4481861553763
7,15,1765.7373545929763
15,7,1765.7373545929763
7,16,951.169977656558
16,7,951.169977656558
7,17,465.8032096362913
17,7,465.8032096362913
7,18,2417.6556122924785
18,7,2417.6556122924785
7,19,844.06054203796
19,7,844.06054203796
7,20,5267.023705273821
20,7,5267.023705273821
7,21,2844.238850904506
21,7,2844.238850904506
7,22,3147.0593528932104
22,7,3147.0593528932104
7,23,3671.9246209859957
23,7,3671.9246209859957
7,24,2301.4451172884637
24,7,2301.4451172884637
7,25,4566.3680889558955
25,7,4566.3680889558955
7,26,3151.0493608038805
26,7,3151.0493608038805
7,27,4899.653785292892
27,7,4899.653785292892
7,28,3640.800764357831
28,7,3640.800764357831
7,29,4839.654363032603
29,7,4839.654363032603
7,30,2112.113638919685
30,7,2112.113638919685
7,31,3125.367499131263
31,7,3125.367499131263
7,32,2998.8586201647804
32,7,2998.8586201647804
7,33,4812.438574924972
33,7,4812.438574924972
7,34,2746.235429161604
34,7,2746.235429161604
7,35,2957.3781168185715
35,7,2957.3781168185715
7,36,2945.8838975002773
36,7,2945.8838975002773
7,37,2805.9232125187345
37,7,2805.9232125187345
7,38,2147.9384849339594
38,7,2147.9384849339594
7,39,3123.333335832702
39,7,3123.333335832702
7,40,3612.9970579893934
40,7,3612.9970579893934
7,41,3036.2541970429297
41,7,3036.2541970429297
7,42,3677.0192881999237
42,7,3677.0192881999237
7,43,3426.2951727653103
43,7,3426.2951727653103
7,44,3221.281243803087
44,7,3221.281243803087
7,45,2704.6875748854663
45,7,2704.6875748854663
7,46,5250.523269841792
46,7,5250.523269841792
7,47,2464.5044896214927
47,7,2464.5044896214927
7,48,6403.020426282905
48,7,6403.020426282905
7,49,2084.17727641823
49,7,2084.17727641823
7,50,2384.45831727198
50,7,2384.45831727198
7,51,3102.557678841395
51,7,3102.557678841395
7,52,2075.4932217666887
52,7,2075.4932217666887
7,53,4257.151951197045
53,7,4257.151951197045
7,54,2316.8126486261235
54,7,2316.8126486261235
7,55,2610.8250661269767
55,7,2610.8250661269767
7,56,3212.510514042763
56,7,3212.510514042763
7,57,3550.1715973155033
57,7,3550.1715973155033
7,58,2898.8207197178967
58,7,2898.8207197178967
7,59,3404.6720144392393
59,7,3404.6720144392393
8,9,2742.4283912382475
9,8,2742.4283912382475
8,10,1471.6938436157911
10,8,1471.6938436157911
8,11,1360.3632555029549
11,8,1360.3632555029549
8,12,2852.684086246248
12,8,2852.684086246248
8,13,1147.6950903838415
13,8,1147.6950903838415
8,14,1396.501830588424
14,8,1396.501830588424
8,15,921.0746754893619
15,8,921.0746754893619
8,16,2690.6292071200646
16,8,2690.6292071200646
8,17,3763.488870402774
17,8,3763.488870402774
8,18,2999.959923892602
18,8,2999.959923892602
8,19,1787.9413523800918
19,8,1787.9413523800918
8,20,4520.167777765465
20,8,4520.167777765465
8,21,1509.3864342201148
21,8,1509.3864342201148
8,22,1530.9821393079828
22,8,1530.9821393079828
8,23,3271.6941440307205
23,8,3271.6941440307205
8,24,1119.7801060554352
24,8,1119.7801060554352
8,25,2515.555639004003
25,8,2515.555639004003
8,26,3293.6086850453153
26,8,3293.6086850453153
8,27,3702.71769364973
27,8,3702.71769364973
8,28,3707.7394013660064
28,8,3707.7394013660064
8,29,4341.047502282432
29,8,4341.047502282432
8,30,2049.621413248876
30,8,2049.621413248876
8,31,2263.0978971106197
31,8,2263.0978971106197
8,32,2116.4746607227
32,8,2116.4746607227
8,33,2616.9635612268085
33,8,2616.9635612268085
8,34,1194.8552706708426
34,8,1194.8552706708426
8,35,1257.3078338920238
35,8,1257.3078338920238
8,36,1917.105076937522
36,8,1917.105076937522
8,37,2483.7570147607603
37,8,2483.7570147607603
8,38,1985.0744958868495
38,8,1985.0744958868495
8,39,2144.234062839052
39,8,2144.234062839052
8,40,2504.0765080790256
40,8,2504.0765080790256
8,41,1433.4781678123832
41,8,1433.4781678123832
8,42,1451.040845677607
42,8,1451.040845677607
8,43,1688.3304583710492
43,8,1688.3304583710492
8,44,1521.1641957513798
44,8,1521.1641957513798
8,45,1783.9470782068424
45,8,1783.9470782068424
8,46,3387.910187954628
46,8,3387.910187954628
8,47,1286.7118843274652
47,8,1286.7118843274652
8,48,3226.521956714777
48,8,3226.521956714777
8,49,1149.311449458724
49,8,1149.311449458724
8,50,783.5999048143597
50,8,783.5999048143597
8,51,1589.3338070926836
51,8,1589.3338070926836
8,52,928.9242194644727
52,8,928.9242194644727
8,53,3260.594166463033
53,8,3260.594166463033
8,54,1256.4488496785004
54,8,1256.4488496785004
8,55,1313.6708235811632
55,8,1313.6708235811632
8,56,1516.1420128392544
56,8,1516.1420128392544
8,57,2888.6240349572163
57,8,2888.6240349572163
8,58,2382.272146892718
58,8,2382.272146892718
8,59,1990.0825842124225
59,8,1990.0825842124225
9,10,1982.976811022171
10,9,1982.976811022171
9,11,1287.4170973474054
11,9,1287.4170973474054
9,12,862.2738065403883
12,9,862.2738065403883
9,13,2267.430232491234
13,9,2267.430232491234
9,14,1683.8851953338603
14,9,1683.8851953338603
9,15,2084.9902349532776
15,9,2084.9902349532776
9,16,1133.3112171648413
16,9,1133.3112171648413
9,17,374.1730830637474
17,9,374.1730830637474
9,18,3029.387681577248
18,9,3029.387681577248
9,19,1285.421956666721
19,9,1285.421956666721
9,20,4200.7675782658325
20,9,4200.7675782658325
9,21,3678.4389662030144
21,9,3678.4389662030144
9,22,3257.6413314824176
22,9,3257.6413314824176
9,23,3915.1831650756676
23,9,3915.1831650756676
9,24,2289.812816831154
24,9,2289.812816831154
9,25,5115.607822122098
25,9,5115.607822122098
9,26,3177.011731467443
26,9,3177.011731467443
9,27,6139.900608513284
27,9,6139.900608513284
9,28,3910.1399859041935
28,9,3910.1399859041935
9,29,5378.414184107501
29,9,5378.414184107501
9,30,1957.021677530087
30,9,1957.021677530087
9,31,3494.3111050645916
31,9,3494.3111050645916
9,32,3739.129846963261
32,9,3739.129846963261
9,33,5389.969852055754
33,9,5389.969852055754
9,34,3429.191318206466
34,9,3429.191318206466
9,35,3159.930830535207
35,9,3159.930830535207
9,36,2831.8462536207476
36,9,2831.8462536207476
9,37,2200.1924793732
37,9,2200.1924793732
9,38,1504.86074842484
38,9,1504.86074842484
9,39,3264.7392264305186
39,9,3264.7392264305186
9,40,3646.236360068022
40,9,3646.236360068022
9,41,3150.862699519549
41,9,3150.862699519549
9,42,3295.5606259398346
42,9,3295.5606259398346
9,43,3334.478755635635
43,9,3334.478755635635
9,44,3537.131963996766
44,9,3537.131963996766
9,45,2923.0777968812845
45,9,2923.0777968812845
9,46,5504.91755939956
46,9,5504.91755939956
9,47,2282.942003402702
47,9,2282.942003402702
9,48,7105.452104901441
48,9,7105.452104901441
9,49,2516.2584745416743
49,9,2516.2584745416743
9,50,2764.7574109690554
50,9,2764.7574109690554
9,51,2535.9258451914457
51,9,2535.9258451914457
9,52,2247.390856885514
52,9,2247.390856885514
9,53,3937.017652442675
53,9,3937.017652442675
9,54,2459.8880948878095
54,9,2459.8880948878095
9,55,2455.119497653795
55,9,2455.119497653795
9,56,3108.5254574418805
56,9,3108.5254574418805
9,57,4146.342519951358
57,9,4146.342519951358
9,58,2632.1724118659513
58,9,2632.1724118659513
9,59,3137.9801165426047
59,9,3137.9801165426047
10,11,1093.9964033678707
11,10,1093.9964033678707
10,12,2928.382788302459
12,10,2928.382788302459
10,13,908.0229897839605
13,10,908.0229897839605
10,14,686.1574185466719
14,10,686.1574185466719
10,15,1088.050479821111
15,10,1088.050479821111
10,16,2683.969616432274
16,10,2683.969616432274
10,17,3028.2992529397166
17,10,3028.2992529397166
10,18,2154.918618797422
18,10,2154.918618797422
10,19,1566.877835609115
19,10,1566.877835609115
10,20,3040.486835412909
20,10,3040.486835412909
10,21,2364.5113576525605
21,10,2364.5113576525605
10,22,1784.1525090617336
22,10,1784.1525090617336
10,23,2774.7385857436634
23,10,2774.7385857436634
10,24,1795.8235781025335
24,10,1795.8235781025335
10,25,2795.7143770743855
25,10,2795.7143770743855
10,26,2741.1148133026395
26,10,2741.1148133026395
10,27,4182.3696876252325
27,10,4182.3696876252325
10,28,3251.1444119014286
28,10,3251.1444119014286
10,29,4246.644762241957
29,10,4246.644762241957
10,30,2251.6589535186877
30,10,2251.6589535186877
10,31,2387.4915922817454
31,10,2387.4915922817454
10,32,2133.7940319084432
32,10,2133.7940319084432
10,33,2871.6002263566124
33,10,2871.6002263566124
10,34,2574.6372751561426
34,10,2574.6372751561426
10,35,1641.942770270059
35,10,1641.942770270059
10,36,2068.294637484274
36,10,2068.294637484274
10,37,1992.5731822934752
37,10,1992.5731822934752
10,38,1658.873374520493
38,10,1658.873374520493
10,39,1930.4891412754944
39,10,1930.4891412754944
10,40,1944.3869827405645
40,10,1944.3869827405645
10,41,2023.0096640934935
41,10,2023.0096640934935
10,42,1501.9196350519126
42,10,1501.9196350519126
10,43,1928.5269801087616
43,10,1928.5269801087616
10,44,1670.6703924383987
44,10,1670.6703924383987
10,45,1797.5858901095555
45,10,1797.5858901095555
10,46,3727.0430818156733
46,10,3727.0430818156733
10,47,1658.0683098620204
47,10,1658.0683098620204
10,48,4614.652329859073
48,10,4614.652329859073
10,49,1291.7196585770532
49,10,1291.7196585770532
10,50,1577.9929954682027
50,10,1577.9929954682027
10,51,1680.1448546404686
51,10,1680.1448546404686
10,52,982.3475588160545
52,10,982.3475588160545
10,53,2908.9474622733705
53,10,2908.9474622733705
10,54,1471.3828526964596
54,10,1471.3828526964596
10,55,1477.6656875525389
55,10,1477.6656875525389
10,56,2053.0496026489996
56,10,2053.0496026489996
10,57,3552.3208754778816
57,10,3552.3208754778816
10,58,2214.701410540734
58,10,2214.701410540734
10,59,2777.8787759815123
59,10,2777.8787759815123
11,12,1222.2462237028644
12,11,1222.2462237028644
11,13,1616.9152388068594
13,11,1616.9152388068594
11,14,1078.9070699077856
14,11,1078.9070699077856
11,15,1314.0470982354243
15,11,1314.0470982354243
11,16,1511.3763656898075
16,11,1511.3763656898075
11,17,1914.5790579523448
17,11,1914.5790579523448
11,18,1142.2913078964348
18,11,1142.2913078964348
11,19,433.0229042686553
19,11,433.0229042686553
11,20,4431.305944628922
20,11,4431.305944628922
11,21,2183.8825295615984
21,11,2183.8825295615984
11,22,1555.6677909083883
22,11,1555.6677909083883
11,23,2654.4800726596286
23,11,2654.4800726596286
11,24,1713.9158973023816
24,11,1713.9158973023816
11,25,2732.015677888653
25,11,2732.015677888653
11,26,2585.4867770956803
26,11,2585.4867770956803
11,27,3615.167350957712
27,11,3615.167350957712
11,28,2780.941818025275
28,11,2780.941818025275
11,29,3973.2146506812633
29,11,3973.2146506812633
11,30,1791.3208842565687
30,11,1791.3208842565687
11,31,1907.2547121921775
31,11,1907.2547121921775
11,32,1880.7687258444034
32,11,1880.7687258444034
11,33,2783.387509452855
33,11,2783.387509452855
11,34,1651.2467271925957
34,11,1651.2467271925957
11,35,1376.7646278385062
35,11,1376.7646278385062
11,36,1478.1224495446309
36,11,1478.1224495446309
11,37,1857.1385323185364
37,11,1857.1385323185364
11,38,1530.075051602613
38,11,1530.075051602613
11,39,2096.887566708395
39,11,2096.887566708395
11,40,1976.8773066981303
40,11,1976.8773066981303
11,41,1299.0123137438336
41,11,1299.0123137438336
11,42,1835.3925909362702
42,11,1835.3925909362702
11,43,1679.8755610311687
43,11,1679.8755610311687
11,44,2325.6254786827258
44,11,2325.6254786827258
11,45,1686.88692118931
45,11,1686.88692118931
11,46,5178.828663504185
46,11,5178.828663504185
11,47,1403.4172804577574
47,11,1403.4172804577574
11,48,3929.6584666437484
48,11,3929.6584666437484
11,49,1191.871437071225
49,11,1191.871437071225
11,50,1590.5262028050677
50,11,1590.5262028050677
11,51,2242.580469525976
51,11,2242.580469525976
11,52,980.1634383318
52,11,980.1634383318
11,53,2750.4407335256406
53,11,2750.4407335256406
11,54,1002.9464231164054
54,11,1002.9464231164054
11,55,1641.946231918101
55,11,1641.946231918101
11,56,1905.654546950561
56,11,1905.654546950561
11,57,3011.301270981141
57,11,3011.301270981141
11,58,1681.2159776922194
58,11,1681.2159776922194
11,59,2887.8858084151652
59,11,2887.8858084151652
12,13,2422.102203081307
13,12,2422.102203081307
12,14,1980.995006072629
14,12,1980.995006072629
12,15,2477.09872498699
15,12,2477.09872498699
12,16,1096.9993895831085
16,12,1096.9993895831085
12,17,1629.9532899768096
17,12,1629.9532899768096
12,18,2955.5815025244565
18,12,2955.5815025244565
12,19,1160.6219466179696
19,12,1160.6219466179696
12,20,5134.430975813924
20,12,5134.430975813924
12,21,3053.6094689116376
21,12,3053.6094689116376
12,22,3085.3185674899228
22,12,3085.3185674899228
12,23,4552.985660097457
23,12,4552.985660097457
12,24,2512.9696958496233
24,12,2512.9696958496233
12,25,4779.00819193945
25,12,4779.00819193945
12,26,2757.4696217442497
26,12,2757.4696217442497
12,27,6525.747773346438
27,12,6525.747773346438
12,28,4108.859608948626
28,12,4108.859608948626
12,29,6038.736766652224
29,12,6038.736766652224
12,30,2280.1578212439676
30,12,2280.1578212439676
12,31,3496.3634766523114
31,12,3496.3634766523114
12,32,3686.236229093394
32,12,3686.236229093394
12,33,5153.034459994274
33,12,5153.034459994274
12,34,2752.564537661033
34,12,2752.564537661033
12,35,2852.615180904163
35,12,2852.615180904163
12,36,2625.7421446145136
36,12,2625.7421446145136
12,37,2625.77148263398
37,12,2625.77148263398
12,38,1979.923072415519
38,12,1979.923072415519
12,39,3468.787032714213
39,12,3468.787032714213
12,40,4430.543339419218
40,12,4430.543339419218
12,41,4158.67685650988
41,12,4158.67685650988
12,42,3766.192325998089
42,12,3766.192325998089
12,43,4107.82107871914
43,12,4107.82107871914
12,44,3835.4212253081887
44,12,3835.4212253081887
12,45,3408.9358418823163
45,12,3408.9358418823163
12,46,6097.569240958141
46,12,6097.569240958141
12,47,2526.992567637224
47,12,2526.992567637224
12,48,7252.296016893155
48,12,7252.296016893155
12,49,2612.1580837843176
49,12,2612.1580837843176
12,50,3026.260211028165
50,12,3026.260211028165
12,51,3414.5584903051626
51,12,3414.5584903051626
12,52,2498.4735212301457
52,12,2498.4735212301457
12,53,4189.924854640825
53,12,4189.924854640825
12,54,2535.828912804649
54,12,2535.828912804649
12,55,3603.637841928225
55,12,3603.637841928225
12,56,3613.192213098881
56,12,3613.192213098881
12,57,4977.876217635027
57,12,4977.876217635027
12,58,3515.421152177031
58,12,3515.421152177031
12,59,3654.2867644728003
59,12,3654.2867644728003
13,14,1170.794803357318
14,13,1170.794803357318
13,15,1002.6030903348886
15,13,1002.6030903348886
13,16,2213.671887990452
16,13,2213.671887990452
13,17,3135.6539985155
17,13,3135.6539985155
13,18,3513.5962006186955
18,13,3513.5962006186955
13,19,1538.452087875911
19,13,1538.452087875911
13,20,3144.6319606292373
20,13,3144.6319606292373
13,21,1857.2587557241445
21,13,1857.2587557241445
13,22,2211.356519587869
22,13,2211.356519587869
13,23,2263.757065889856
23,13,2263.757065889856
13,24,1185.2901538251117
24,13,1185.2901538251117
13,25,2552.3431301988307
25,13,2552.3431301988307
13,26,3053.44550514678
26,13,3053.44550514678
13,27,5475.838969748959
27,13,5475.838969748959
13,28,2949.2978740110525
28,13,2949.2978740110525
13,29,3820.5027207982394
29,13,3820.5027207982394
13,30,1657.4894475320816
30,13,1657.4894475320816
13,31,2048.699299154622
31,13,2048.699299154622
13,32,1794.6803049891491
32,13,1794.6803049891491
13,33,2446.921443639033
33,13,2446.921443639033
13,34,1911.724838197678
34,13,1911.724838197678
13,35,1353.334468662943
35,13,1353.334468662943
13,36,1331.541842347701
36,13,1331.541842347701
13,37,1623.5175853302721
37,13,1623.5175853302721
13,38,1497.078836631415
38,13,1497.078836631415
13,39,2235.9034590271144
39,13,2235.9034590271144
13,40,2705.9526183301973
40,13,2705.9526183301973
13,41,2072.408866954018
41,13,2072.408866954018
13,42,1628.2064794944813
42,13,1628.2064794944813
13,43,2434.0015284272977
43,13,2434.0015284272977
13,44,1553.9342376142968
44,13,1553.9342376142968
13,45,1685.5307463943852
45,13,1685.5307463943852
13,46,3674.544048507292
46,13,3674.544048507292
13,47,1256.8815267184223
47,13,1256.8815267184223
13,48,3279.2837596880577
48,13,3279.2837596880577
13,49,1219.129396777805
49,13,1219.129396777805
13,50,1257.1537014160883
50,13,1257.1537014160883
13,51,2186.049179528491
51,13,2186.049179528491
13,52,1116.6220081819488
52,13,1116.6220081819488
13,53,2512.0644093246874
53,13,2512.0644093246874
13,54,1864.6107819145109
54,13,1864.6107819145109
13,55,1756.0630082128796
55,13,1756.0630082128796
13,56,2092.4585080666607
56,13,2092.4585080666607
13,57,2766.346434245126
57,13,2766.346434245126
13,58,2364.3131117607495
58,13,2364.3131117607495
13,59,2087.8445452237065
59,13,2087.8445452237065
14,15,738.4784146272184
15,14,738.4784146272184
14,16,2087.0676830105517
16,14,2087.0676830105517
14,17,2386.5177075118186
17,14,2386.5177075118186
14,18,2556.4973440174153
18,14,2556.4973440174153
14,19,1344.086279859189
19,14,1344.086279859189
14,20,2718.5205565567608
20,14,2718.5205565567608
14,21,1694.939821437003
21,14,1694.939821437003
14,22,1325.8326724803617
22,14,1325.8326724803617
14,23,2812.5387217877496
23,14,2812.5387217877496
14,24,1347.3648392737775
24,14,1347.3648392737775
14,25,2765.144838938484
25,14,2765.144838938484
14,26,2345.753358332136
26,14,2345.753358332136
14,27,5183.3035719817
27,14,5183.3035719817
14,28,3072.631475868032
28,14,3072.631475868032
14,29,3837.979612098095
29,14,3837.979612098095
14,30,1162.42128324906
30,14,1162.42128324906
14,31,2185.9343245482196
31,14,2185.9343245482196
14,32,1877.9039173634787
32,14,1877.9039173634787
14,33,3016.608853380487
33,14,3016.608853380487
14,34,2179.5960292596974
34,14,2179.5960292596974
14,35,850.0292346102926
35,14,850.0292346102926
14,36,907.0109609505319
36,14,907.0109609505319
14,37,1343.4421068457448
37,14,1343.4421068457448
14,38,1286.687037107096
38,14,1286.687037107096
14,39,2052.0419587193674
39,14,2052.0419587193674
14,40,2006.046578653089
40,14,2006.046578653089
14,41,1712.7128132970306
41,14,1712.7128132970306
14,42,1359.4472161731894
42,14,1359.4472161731894
14,43,1903.1954284104218
43,14,1903.1954284104218
14,44,1368.9600934497137
44,14,1368.9600934497137
14,45,1349.9666950635778
45,14,1349.9666950635778
14,46,3583.579088848945
46,14,3583.579088848945
14,47,1111.3380865678146
47,14,1111.3380865678146
14,48,4099.50857333695
48,14,4099.50857333695
14,49,904.9148882549855
49,14,904.9148882549855
14,50,1165.9848533623212
50,14,1165.9848533623212
14,51,1721.4252193625694
51,14,1721.4252193625694
14,52,944.2848844383591
52,14,944.2848844383591
14,53,2332.7270743621293
53,14,2332.7270743621293
14,54,1098.7313499431127
54,14,1098.7313499431127
14,55,1079.291457924232
55,14,1079.291457924232
14,56,1626.6062862075244
56,14,1626.6062862075244
14,57,2791.1607060185697
57,14,2791.1607060185697
14,58,1737.8273686734076
58,14,1737.8273686734076
14,59,2061.635757951338
59,14,2061.635757951338
15,16,1946.2385268398525
16,15,1946.2385268398525
15,17,2975.7497991391306
17,15,2975.7497991391306
15,18,3529.696926468127
18,15,3529.696926468127
15,19,1350.3375265502757
19,15,1350.3375265502757
15,20,3373.492481660577
20,15,3373.492481660577
15,21,1652.9527244010667
21,15,1652.9527244010667
15,22,1686.3083985780565
22,15,1686.3083985780565
15,23,2198.677220086239
23,15,2198.677220086239
15,24,1216.530724067922
24,15,1216.530724067922
15,25,2151.533551602422
25,15,2151.533551602422
15,26,2683.777799445136
26,15,2683.777799445136
15,27,4391.200489449292
27,15,4391.200489449292
15,28,3157.181332526083
28,15,3157.181332526083
15,29,4249.264507471233
29,15,4249.264507471233
15,30,1274.6874146365067
30,15,1274.6874146365067
15,31,2297.9283882541135
31,15,2297.9283882541135
15,32,1843.722136373175
32,15,1843.722136373175
15,33,2587.7454259787924
33,15,2587.7454259787924
15,34,1730.4820228898311
34,15,1730.4820228898311
15,35,1083.7171632311868
35,15,1083.7171632311868
15,36,1179.4790439294184
36,15,1179.4790439294184
15,37,1771.2499715583951
37,15,1771.2499715583951
15,38,1397.8559362083083
38,15,1397.8559362083083
15,39,1983.3433845195582
39,15,1983.3433845195582
15,40,2047.1781597412141
40,15,2047.1781597412141
15,41,1823.3628983713763
41,15,1823.3628983713763
15,42,1481.5144357212266
42,15,1481.5144357212266
